1 115 2

0.0483907 1.96897
0.119033 1.89854
0.156068 1.77755
0.16496 1.60722
0.159501 1.42348
0.155183 1.22701
0.178699 1.05969
0.26344 0.918359
0.393729 0.862432
0.517829 0.841184
0.672806 0.808794
0.796774 0.785834
0.936953 0.764996
1.07597 0.746867
1.20031 0.739531
1.35606 0.745155
1.48089 0.750787
1.60592 0.733922
1.69976 0.664239
1.69979 0.531314
1.63578 0.456253
1.51231 0.396075
1.38747 0.374988
1.24636 0.371102
1.10717 0.368788
0.982817 0.368039
0.858478 0.377222
0.703018 0.397306
0.578561 0.408638
0.453949 0.415849
0.329075 0.40812
0.234928 0.356842
0.171128 0.239128
0.155971 0.102599
0.16649 -0.0584193
0.195815 -0.175593
0.226715 -0.279814
0.25849 -0.403579
0.283881 -0.526199
0.313014 -0.661567
0.343777 -0.77378
0.380976 -0.894088
0.420164 -1.0173
0.460528 -1.14087
0.504884 -1.26477
0.546411 -1.3769
0.581599 -1.49006
0.610006 -1.63796
0.581432 -1.78791
0.485695 -1.8562
0.366861 -1.84321
0.267523 -1.76244
0.21194 -1.66877
0.160339 -1.54391
0.110378 -1.41909
0.0644271 -1.30629
0.0212399 -1.20078
-0.0350983 -1.09076
-0.146252 -1.09037
-0.220661 -1.20016
-0.277031 -1.30565
-0.331336 -1.41846
-0.38292 -1.54333
-0.428008 -1.66824
-0.472706 -1.76193
-0.555711 -1.84267
-0.662233 -1.85558
-0.754467 -1.78713
-0.788294 -1.63685
-0.764003 -1.4885
-0.727904 -1.37486
-0.68118 -1.26213
-0.625414 -1.13731
-0.568636 -1.01255
-0.509863 -0.887848
-0.452073 -0.765837
-0.402064 -0.651699
-0.351677 -0.513842
-0.311235 -0.388799
-0.271 -0.263173
-0.23186 -0.136517
-0.204203 -0.00800097
-0.195765 0.156989
-0.212716 0.29374
-0.267521 0.399473
-0.362559 0.469412
-0.48412 0.500454
-0.640291 0.520908
-0.765254 0.529466
-0.896016 0.535915
-1.04617 0.552153
-1.17093 0.568396
-1.29574 0.578124
-1.45176 0.590571
-1.57651 0.623692
-1.67002 0.685024
-1.71844 0.78284
-1.66964 0.89877
-1.57578 0.946982
-1.41936 0.96136
-1.2942 0.953844
-1.16043 0.945351
-1.01244 0.943818
-0.887121 0.942822
-0.745744 0.939287
-0.605082 0.941367
-0.479745 0.942007
-0.323062 0.955088
-0.228589 1.03219
-0.180582 1.17004
-0.171501 1.36604
-0.177232 1.55053
-0.174884 1.72135
-0.154168 1.84891
-0.099635 1.94408

