5 25 2

5.49981 5.13946
16.5083 7.1095
20.913 1.39617
14.5101 -5.91076
5.16126 -5.05511
9.82247 14.0801
27.9305 13.7451
31.619 8.25907
15.1584 -7.32163
6.94757 -13.4703
9.31433 19.7325
22.0176 11.867
17.2742 3.79813
1.91882 -9.77094
-0.740732 -17.6688
-6.12019 17.0893
-13.8057 12.1436
-18.4767 -3.71895
-25.6878 -23.7085
-11.5497 -17.498
-15.5956 5.77073
-34.4511 8.0063
-31.8794 -1.14625
-27.6339 -15.1644
-8.50874 -7.52623

5.49981 5.13946
16.5083 7.1095
20.913 1.39617
14.5101 -5.91076
5.16126 -5.05511
9.82247 14.0801
27.9305 13.7451
31.619 8.25907
15.1584 -7.32163
6.94757 -13.4703
9.31433 19.7325
22.0176 11.867
17.2742 3.79813
1.91882 -9.77094
-0.740732 -17.6688
-6.12019 17.0893
-13.8057 12.1436
-18.4767 -3.71895
-25.6878 -23.7085
-11.5497 -17.498
-15.5956 5.77073
-34.4511 8.0063
-31.8794 -1.14625
-27.6339 -15.1644
-8.50874 -7.52623

5.49981 5.13946
16.5083 7.1095
20.913 1.39617
14.5101 -5.91076
5.16126 -5.05511
9.82247 14.0801
27.9305 13.7451
31.619 8.25907
15.1584 -7.32163
6.94757 -13.4703
9.31433 19.7325
22.0176 11.867
17.2742 3.79813
1.91882 -9.77094
-0.740732 -17.6688
-6.12019 17.0893
-13.8057 12.1436
-18.4767 -3.71895
-25.6878 -23.7085
-11.5497 -17.498
-15.5956 5.77073
-34.4511 8.0063
-31.8794 -1.14625
-27.6339 -15.1644
-8.50874 -7.52623

5.49981 5.13946
16.5083 7.1095
20.913 1.39617
14.5101 -5.91076
5.16126 -5.05511
9.82247 14.0801
27.9305 13.7451
31.619 8.25907
15.1584 -7.32163
6.94757 -13.4703
9.31433 19.7325
22.0176 11.867
17.2742 3.79813
1.91882 -9.77094
-0.740732 -17.6688
-6.12019 17.0893
-13.8057 12.1436
-18.4767 -3.71895
-25.6878 -23.7085
-11.5497 -17.498
-15.5956 5.77073
-34.4511 8.0063
-31.8794 -1.14625
-27.6339 -15.1644
-8.50874 -7.52623

5.49981 5.13946
16.5083 7.1095
20.913 1.39617
14.5101 -5.91076
5.16126 -5.05511
9.82247 14.0801
27.9305 13.7451
31.619 8.25907
15.1584 -7.32163
6.94757 -13.4703
9.31433 19.7325
22.0176 11.867
17.2742 3.79813
1.91882 -9.77094
-0.740732 -17.6688
-6.12019 17.0893
-13.8057 12.1436
-18.4767 -3.71895
-25.6878 -23.7085
-11.5497 -17.498
-15.5956 5.77073
-34.4511 8.0063
-31.8794 -1.14625
-27.6339 -15.1644
-8.50874 -7.52623

